{
 "cells": [
  {
   "cell_type": "markdown",
   "id": "82b96697-1c21-4460-9354-0e099adfd628",
   "metadata": {},
   "source": [
    "# Compress and Distance Matrix"
   ]
  },
  {
   "cell_type": "code",
   "execution_count": 1,
   "id": "5820d9c9-7a6f-40ef-88e2-5565629fdf69",
   "metadata": {},
   "outputs": [],
   "source": [
    "data_dir = './data/genomes'\n",
    "combined_dir = f'{data_dir}/combined'\n",
    "\n",
    "overwrite = False"
   ]
  },
  {
   "cell_type": "code",
   "execution_count": 2,
   "id": "c6665cb4-c2f4-4bdc-b390-a277951b4fe7",
   "metadata": {},
   "outputs": [],
   "source": [
    "accessions = [\n",
    "    'CM054508.1',      # Pan paniscus (Pygmy chimpanzee)\n",
    "    'NC_001321.1',     # Balaenoptera physalus (Finback whale)\n",
    "    'NC_001325.1',     # Phoca vitulina (Harbor seal)\n",
    "    'NC_001601.1',     # Balaenoptera musculus (Blue whale),\n",
    "    'NC_001602.1',     # Halichoerus grypus (Gray seal)\n",
    "    'NC_001610.1',     # Didelphis virginiana (Opossum)\n",
    "    'NC_001640.1',     # Equus caballus (Horse)\n",
    "    'NC_001643.1',     # Pan troglodytes (Chimpanzee)\n",
    "    'NC_001645.1',     # Gorilla (Gorilla)\n",
    "    'NC_001700.1',     # Felis catus (Cat)\n",
    "    'NC_001794.1',     # Macropus robustus (Wallaroo)\n",
    "    'NC_001808.1',     # Ceratotherium simum (White rhinoceros)\n",
    "    'NC_002083.1',     # Pongo abelii (Orangutan)\n",
    "    'NC_010339.1',     # Mus musculus musculus (House mouse)\n",
    "    'NC_012374.1',     # Rattus rattus (Rat)\n",
    "    'OK135155.1',      # Bos taurus (Cow)\n",
    "    'OM287160.1',      # Nomascus siki (Hylobatidae/Gibbon)\n",
    "    'OM864526.1',      # Gallus gallus (Chicken)\n",
    "    'OP605624.1'       # Homo sapiens (Human)\n",
    "]\n",
    "\n",
    "count = len(accessions)"
   ]
  },
  {
   "cell_type": "code",
   "execution_count": 3,
   "id": "d2f232cc-8849-4fb1-9442-c4f7aa3fbe19",
   "metadata": {},
   "outputs": [],
   "source": [
    "common_names = [\n",
    "    'Pygmy chimpanzee',\n",
    "    'Finback whale',\n",
    "    'Harbor seal',\n",
    "    'Blue whale',\n",
    "    'Gray seal',\n",
    "    'Opossum',\n",
    "    'Horse',\n",
    "    'Chimpanzee',\n",
    "    'Gorilla',\n",
    "    'Cat',\n",
    "    'Wallaroo',\n",
    "    'White rhinoceros',\n",
    "    'Orangutan',\n",
    "    'House mouse',\n",
    "    'Rat',\n",
    "    'Cow',\n",
    "    'Gibbon',\n",
    "    'Chicken',\n",
    "    'Human'\n",
    "]"
   ]
  },
  {
   "cell_type": "markdown",
   "id": "51f5d494-00a3-4492-a071-fadf93a0606e",
   "metadata": {},
   "source": [
    "## Functions"
   ]
  },
  {
   "cell_type": "markdown",
   "id": "ce9de2ca-58e9-4e8d-99b1-c62a2fe6fe1f",
   "metadata": {},
   "source": [
    "### Compress"
   ]
  },
  {
   "cell_type": "code",
   "execution_count": 16,
   "id": "5a7f8ab7-5804-4a2d-b3b9-4cd9d19cba56",
   "metadata": {},
   "outputs": [],
   "source": [
    "# accessions, count, data_dir, commbined_dir, fasta extension = fna\n",
    "def compress_files(compressor, verbose=False):\n",
    "    compressed_files = {}\n",
    "\n",
    "    for accession in accessions:\n",
    "        fasta = f'{data_dir}/{accession}.fna'\n",
    "        if verbose:\n",
    "            print(f'Compressing {accession}')\n",
    "        compressed_file = compressor(fasta)\n",
    "        compressed_files[accession] = compressed_file\n",
    "\n",
    "    for i in range(count):\n",
    "        for j in range(i+1, count):\n",
    "            combined_fasta = f'{accessions[i]}+{accessions[j]}' \n",
    "            fasta = f'{combined_dir}/{combined_fasta}.fna'\n",
    "            if verbose:\n",
    "                print(f'Compressing {accessions[i]} and {accessions[j]}')\n",
    "            compressed_file = compressor(fasta)\n",
    "            compressed_files[combined_fasta] = compressed_file\n",
    "    \n",
    "    return compressed_files"
   ]
  },
  {
   "cell_type": "markdown",
   "id": "837356f8-46af-4468-9447-458a3805d1ce",
   "metadata": {},
   "source": [
    "### Distance Matrix Creation"
   ]
  },
  {
   "cell_type": "code",
   "execution_count": 17,
   "id": "d54cd33b-4e65-4583-8cc2-72d8161baa63",
   "metadata": {},
   "outputs": [],
   "source": [
    "import os\n",
    "\n",
    "def distance(a, b, ab):\n",
    "    \"\"\"Calculates the distance measure between a and b.\n",
    "    :param a: compressed a\n",
    "    :param b: compressed b\n",
    "    :param ab: compressed ab-merge\n",
    "    :return: distance measure\n",
    "    \"\"\"\n",
    "    a_size = os.stat(a).st_size   # file size of a\n",
    "    b_size = os.stat(b).st_size   # file size of b\n",
    "    ab_size = os.stat(ab).st_size # file size of ab\n",
    "    \n",
    "    return 1 - (((a_size + b_size) - ab_size) / ab_size)"
   ]
  },
  {
   "cell_type": "code",
   "execution_count": 18,
   "id": "26a71399-420a-4ff4-af04-19a167920287",
   "metadata": {},
   "outputs": [],
   "source": [
    "# accesssions\n",
    "from Bio.Phylo.TreeConstruction import DistanceMatrix\n",
    "import os\n",
    "\n",
    "def create_distance_matrix(names, compressed_files, distance=distance, verbose=False):\n",
    "    distance_matrix = DistanceMatrix(names)\n",
    "    count = len(accessions)\n",
    "    for i in range(count):\n",
    "        a = accessions[i]\n",
    "        az = compressed_files[a]\n",
    "\n",
    "        if not os.path.exists(az):\n",
    "            print(f'ERROR: {az} not exists')\n",
    "\n",
    "        distances = []\n",
    "        for j in range(count):\n",
    "            if i == j:\n",
    "                distances.append(0)\n",
    "                continue\n",
    "\n",
    "            b = accessions[j]\n",
    "            bz = compressed_files[b]\n",
    "\n",
    "            if not os.path.exists(bz):\n",
    "                print(f'ERROR: {bz} not exists')\n",
    "\n",
    "            combined = f'{b}+{a}'\n",
    "            if i < j:\n",
    "                combined = f'{a}+{b}'\n",
    "            abz = compressed_files[combined]\n",
    "\n",
    "            if not os.path.exists(abz):\n",
    "                print(f'ERROR: {abz} not exists')        \n",
    "\n",
    "            d = distance(az, bz, abz)\n",
    "\n",
    "            distances.append(d)\n",
    "\n",
    "            if verbose:\n",
    "                print(f'distance({a}, {b}) = {d}')\n",
    "\n",
    "        distance_matrix[i] = distances\n",
    "\n",
    "    return distance_matrix"
   ]
  },
  {
   "cell_type": "code",
   "execution_count": 19,
   "id": "d756556f-821a-44aa-aa77-a7548e5d38f8",
   "metadata": {},
   "outputs": [],
   "source": [
    "import pandas as pd\n",
    "\n",
    "def to_df(distane_matrix, names):\n",
    "    return pd.DataFrame(list(distane_matrix), index=names, columns=names)"
   ]
  },
  {
   "cell_type": "markdown",
   "id": "49f80cc9-3b20-4967-acaf-2e4cd271ac39",
   "metadata": {},
   "source": [
    "---"
   ]
  },
  {
   "cell_type": "markdown",
   "id": "312c611e-7e66-444a-a826-5a823a009f1d",
   "metadata": {
    "tags": []
   },
   "source": [
    "## GenCompress"
   ]
  },
  {
   "cell_type": "code",
   "execution_count": 20,
   "id": "ba4d1688-0768-4986-9b98-a7fe5e3edd3e",
   "metadata": {},
   "outputs": [],
   "source": [
    "compressed_dir = './data/gencompress'\n",
    "\n",
    "def gencompress(fasta, overwrite=False):\n",
    "    compressed_file = f'{compressed_dir}/{os.path.split(fasta)[-1]}.GEN'\n",
    "    return compressed_file"
   ]
  },
  {
   "cell_type": "code",
   "execution_count": 21,
   "id": "9cc119e8-43a0-4b05-b39e-ea6ff3ba7907",
   "metadata": {},
   "outputs": [],
   "source": [
    "gencompress_compressed_files = compress_files(gencompress)"
   ]
  },
  {
   "cell_type": "code",
   "execution_count": 23,
   "id": "49ddf456-6fe4-4f94-9261-6411238f324a",
   "metadata": {},
   "outputs": [],
   "source": [
    "gencompress_distance_matrix= create_distance_matrix(common_names, gencompress_compressed_files)"
   ]
  },
  {
   "cell_type": "code",
   "execution_count": 25,
   "id": "2879be79-89d1-4aac-a808-6a9b18fea5ed",
   "metadata": {},
   "outputs": [
    {
     "data": {
      "text/html": [
       "<div>\n",
       "<style scoped>\n",
       "    .dataframe tbody tr th:only-of-type {\n",
       "        vertical-align: middle;\n",
       "    }\n",
       "\n",
       "    .dataframe tbody tr th {\n",
       "        vertical-align: top;\n",
       "    }\n",
       "\n",
       "    .dataframe thead th {\n",
       "        text-align: right;\n",
       "    }\n",
       "</style>\n",
       "<table border=\"1\" class=\"dataframe\">\n",
       "  <thead>\n",
       "    <tr style=\"text-align: right;\">\n",
       "      <th></th>\n",
       "      <th>Pygmy chimpanzee</th>\n",
       "      <th>Finback whale</th>\n",
       "      <th>Harbor seal</th>\n",
       "      <th>Blue whale</th>\n",
       "      <th>Gray seal</th>\n",
       "      <th>Opossum</th>\n",
       "      <th>Horse</th>\n",
       "      <th>Chimpanzee</th>\n",
       "      <th>Gorilla</th>\n",
       "      <th>Cat</th>\n",
       "      <th>Wallaroo</th>\n",
       "      <th>White rhinoceros</th>\n",
       "      <th>Orangutan</th>\n",
       "      <th>House mouse</th>\n",
       "      <th>Rat</th>\n",
       "      <th>Cow</th>\n",
       "      <th>Gibbon</th>\n",
       "      <th>Chicken</th>\n",
       "      <th>Human</th>\n",
       "    </tr>\n",
       "  </thead>\n",
       "  <tbody>\n",
       "    <tr>\n",
       "      <th>Pygmy chimpanzee</th>\n",
       "      <td>0.000000</td>\n",
       "      <td>0.989427</td>\n",
       "      <td>0.998172</td>\n",
       "      <td>0.996187</td>\n",
       "      <td>0.997023</td>\n",
       "      <td>0.990460</td>\n",
       "      <td>0.995159</td>\n",
       "      <td>0.681034</td>\n",
       "      <td>0.871585</td>\n",
       "      <td>0.995434</td>\n",
       "      <td>0.992908</td>\n",
       "      <td>1.000573</td>\n",
       "      <td>0.976207</td>\n",
       "      <td>0.996157</td>\n",
       "      <td>0.995697</td>\n",
       "      <td>0.997108</td>\n",
       "      <td>0.981410</td>\n",
       "      <td>0.995069</td>\n",
       "      <td>0.869599</td>\n",
       "    </tr>\n",
       "    <tr>\n",
       "      <th>Finback whale</th>\n",
       "      <td>0.989427</td>\n",
       "      <td>0.000000</td>\n",
       "      <td>0.997704</td>\n",
       "      <td>0.818418</td>\n",
       "      <td>0.994813</td>\n",
       "      <td>0.996326</td>\n",
       "      <td>1.008003</td>\n",
       "      <td>0.989994</td>\n",
       "      <td>0.989820</td>\n",
       "      <td>0.997138</td>\n",
       "      <td>0.992991</td>\n",
       "      <td>1.002869</td>\n",
       "      <td>0.994888</td>\n",
       "      <td>0.999067</td>\n",
       "      <td>0.992970</td>\n",
       "      <td>1.000579</td>\n",
       "      <td>0.995482</td>\n",
       "      <td>0.994352</td>\n",
       "      <td>0.996076</td>\n",
       "    </tr>\n",
       "    <tr>\n",
       "      <th>Harbor seal</th>\n",
       "      <td>0.998172</td>\n",
       "      <td>0.997704</td>\n",
       "      <td>0.000000</td>\n",
       "      <td>1.001831</td>\n",
       "      <td>0.668786</td>\n",
       "      <td>0.994067</td>\n",
       "      <td>0.998970</td>\n",
       "      <td>0.994718</td>\n",
       "      <td>0.995732</td>\n",
       "      <td>0.994994</td>\n",
       "      <td>0.996138</td>\n",
       "      <td>1.003979</td>\n",
       "      <td>0.994700</td>\n",
       "      <td>0.995472</td>\n",
       "      <td>0.997224</td>\n",
       "      <td>0.991307</td>\n",
       "      <td>0.993671</td>\n",
       "      <td>0.993824</td>\n",
       "      <td>0.994613</td>\n",
       "    </tr>\n",
       "    <tr>\n",
       "      <th>Blue whale</th>\n",
       "      <td>0.996187</td>\n",
       "      <td>0.818418</td>\n",
       "      <td>1.001831</td>\n",
       "      <td>0.000000</td>\n",
       "      <td>0.989912</td>\n",
       "      <td>0.999542</td>\n",
       "      <td>1.001728</td>\n",
       "      <td>0.993617</td>\n",
       "      <td>0.995808</td>\n",
       "      <td>0.997709</td>\n",
       "      <td>0.990544</td>\n",
       "      <td>1.000691</td>\n",
       "      <td>0.996633</td>\n",
       "      <td>0.996016</td>\n",
       "      <td>0.990475</td>\n",
       "      <td>0.996157</td>\n",
       "      <td>0.995011</td>\n",
       "      <td>0.991435</td>\n",
       "      <td>0.999885</td>\n",
       "    </tr>\n",
       "    <tr>\n",
       "      <th>Gray seal</th>\n",
       "      <td>0.997023</td>\n",
       "      <td>0.994813</td>\n",
       "      <td>0.668786</td>\n",
       "      <td>0.989912</td>\n",
       "      <td>0.000000</td>\n",
       "      <td>0.998977</td>\n",
       "      <td>0.997821</td>\n",
       "      <td>1.000457</td>\n",
       "      <td>0.996885</td>\n",
       "      <td>0.988653</td>\n",
       "      <td>0.995562</td>\n",
       "      <td>0.999085</td>\n",
       "      <td>0.997123</td>\n",
       "      <td>1.003919</td>\n",
       "      <td>0.996872</td>\n",
       "      <td>0.991882</td>\n",
       "      <td>0.998510</td>\n",
       "      <td>0.995197</td>\n",
       "      <td>0.995298</td>\n",
       "    </tr>\n",
       "    <tr>\n",
       "      <th>Opossum</th>\n",
       "      <td>0.990460</td>\n",
       "      <td>0.996326</td>\n",
       "      <td>0.994067</td>\n",
       "      <td>0.999542</td>\n",
       "      <td>0.998977</td>\n",
       "      <td>0.000000</td>\n",
       "      <td>0.990786</td>\n",
       "      <td>0.987877</td>\n",
       "      <td>0.990739</td>\n",
       "      <td>0.998075</td>\n",
       "      <td>0.987297</td>\n",
       "      <td>0.995535</td>\n",
       "      <td>0.991691</td>\n",
       "      <td>0.996642</td>\n",
       "      <td>0.995603</td>\n",
       "      <td>0.997815</td>\n",
       "      <td>0.993795</td>\n",
       "      <td>0.994292</td>\n",
       "      <td>0.991156</td>\n",
       "    </tr>\n",
       "    <tr>\n",
       "      <th>Horse</th>\n",
       "      <td>0.995159</td>\n",
       "      <td>1.008003</td>\n",
       "      <td>0.998970</td>\n",
       "      <td>1.001728</td>\n",
       "      <td>0.997821</td>\n",
       "      <td>0.990786</td>\n",
       "      <td>0.000000</td>\n",
       "      <td>0.994336</td>\n",
       "      <td>0.995589</td>\n",
       "      <td>0.993696</td>\n",
       "      <td>0.995655</td>\n",
       "      <td>0.987205</td>\n",
       "      <td>1.001612</td>\n",
       "      <td>0.996030</td>\n",
       "      <td>0.999070</td>\n",
       "      <td>1.002192</td>\n",
       "      <td>0.997231</td>\n",
       "      <td>0.995865</td>\n",
       "      <td>1.003430</td>\n",
       "    </tr>\n",
       "    <tr>\n",
       "      <th>Chimpanzee</th>\n",
       "      <td>0.681034</td>\n",
       "      <td>0.989994</td>\n",
       "      <td>0.994718</td>\n",
       "      <td>0.993617</td>\n",
       "      <td>1.000457</td>\n",
       "      <td>0.987877</td>\n",
       "      <td>0.994336</td>\n",
       "      <td>0.000000</td>\n",
       "      <td>0.895073</td>\n",
       "      <td>0.998974</td>\n",
       "      <td>0.990696</td>\n",
       "      <td>0.996082</td>\n",
       "      <td>0.980371</td>\n",
       "      <td>0.997553</td>\n",
       "      <td>0.994164</td>\n",
       "      <td>0.997799</td>\n",
       "      <td>0.982922</td>\n",
       "      <td>0.993904</td>\n",
       "      <td>0.877173</td>\n",
       "    </tr>\n",
       "    <tr>\n",
       "      <th>Gorilla</th>\n",
       "      <td>0.871585</td>\n",
       "      <td>0.989820</td>\n",
       "      <td>0.995732</td>\n",
       "      <td>0.995808</td>\n",
       "      <td>0.996885</td>\n",
       "      <td>0.990739</td>\n",
       "      <td>0.995589</td>\n",
       "      <td>0.895073</td>\n",
       "      <td>0.000000</td>\n",
       "      <td>0.994128</td>\n",
       "      <td>0.992158</td>\n",
       "      <td>0.996176</td>\n",
       "      <td>0.979536</td>\n",
       "      <td>0.994357</td>\n",
       "      <td>0.994603</td>\n",
       "      <td>0.993332</td>\n",
       "      <td>0.989246</td>\n",
       "      <td>0.993637</td>\n",
       "      <td>0.924613</td>\n",
       "    </tr>\n",
       "    <tr>\n",
       "      <th>Cat</th>\n",
       "      <td>0.995434</td>\n",
       "      <td>0.997138</td>\n",
       "      <td>0.994994</td>\n",
       "      <td>0.997709</td>\n",
       "      <td>0.988653</td>\n",
       "      <td>0.998075</td>\n",
       "      <td>0.993696</td>\n",
       "      <td>0.998974</td>\n",
       "      <td>0.994128</td>\n",
       "      <td>0.000000</td>\n",
       "      <td>0.995127</td>\n",
       "      <td>0.995544</td>\n",
       "      <td>0.996447</td>\n",
       "      <td>0.995952</td>\n",
       "      <td>0.999310</td>\n",
       "      <td>0.994473</td>\n",
       "      <td>0.995536</td>\n",
       "      <td>0.994647</td>\n",
       "      <td>0.994746</td>\n",
       "    </tr>\n",
       "    <tr>\n",
       "      <th>Wallaroo</th>\n",
       "      <td>0.992908</td>\n",
       "      <td>0.992991</td>\n",
       "      <td>0.996138</td>\n",
       "      <td>0.990544</td>\n",
       "      <td>0.995562</td>\n",
       "      <td>0.987297</td>\n",
       "      <td>0.995655</td>\n",
       "      <td>0.990696</td>\n",
       "      <td>0.992158</td>\n",
       "      <td>0.995127</td>\n",
       "      <td>0.000000</td>\n",
       "      <td>0.991167</td>\n",
       "      <td>0.994374</td>\n",
       "      <td>1.002183</td>\n",
       "      <td>0.995033</td>\n",
       "      <td>0.996785</td>\n",
       "      <td>0.991034</td>\n",
       "      <td>0.997161</td>\n",
       "      <td>0.997723</td>\n",
       "    </tr>\n",
       "    <tr>\n",
       "      <th>White rhinoceros</th>\n",
       "      <td>1.000573</td>\n",
       "      <td>1.002869</td>\n",
       "      <td>1.003979</td>\n",
       "      <td>1.000691</td>\n",
       "      <td>0.999085</td>\n",
       "      <td>0.995535</td>\n",
       "      <td>0.987205</td>\n",
       "      <td>0.996082</td>\n",
       "      <td>0.996176</td>\n",
       "      <td>0.995544</td>\n",
       "      <td>0.991167</td>\n",
       "      <td>0.000000</td>\n",
       "      <td>0.999078</td>\n",
       "      <td>0.997788</td>\n",
       "      <td>0.996510</td>\n",
       "      <td>0.997221</td>\n",
       "      <td>0.995266</td>\n",
       "      <td>0.992751</td>\n",
       "      <td>1.003653</td>\n",
       "    </tr>\n",
       "    <tr>\n",
       "      <th>Orangutan</th>\n",
       "      <td>0.976207</td>\n",
       "      <td>0.994888</td>\n",
       "      <td>0.994700</td>\n",
       "      <td>0.996633</td>\n",
       "      <td>0.997123</td>\n",
       "      <td>0.991691</td>\n",
       "      <td>1.001612</td>\n",
       "      <td>0.980371</td>\n",
       "      <td>0.979536</td>\n",
       "      <td>0.996447</td>\n",
       "      <td>0.994374</td>\n",
       "      <td>0.999078</td>\n",
       "      <td>0.000000</td>\n",
       "      <td>0.999416</td>\n",
       "      <td>0.993673</td>\n",
       "      <td>0.996859</td>\n",
       "      <td>0.994547</td>\n",
       "      <td>0.995159</td>\n",
       "      <td>0.981605</td>\n",
       "    </tr>\n",
       "    <tr>\n",
       "      <th>House mouse</th>\n",
       "      <td>0.996157</td>\n",
       "      <td>0.999067</td>\n",
       "      <td>0.995472</td>\n",
       "      <td>0.996016</td>\n",
       "      <td>1.003919</td>\n",
       "      <td>0.996642</td>\n",
       "      <td>0.996030</td>\n",
       "      <td>0.997553</td>\n",
       "      <td>0.994357</td>\n",
       "      <td>0.995952</td>\n",
       "      <td>1.002183</td>\n",
       "      <td>0.997788</td>\n",
       "      <td>0.999416</td>\n",
       "      <td>0.000000</td>\n",
       "      <td>0.983528</td>\n",
       "      <td>1.003496</td>\n",
       "      <td>0.995441</td>\n",
       "      <td>0.996751</td>\n",
       "      <td>0.992872</td>\n",
       "    </tr>\n",
       "    <tr>\n",
       "      <th>Rat</th>\n",
       "      <td>0.995697</td>\n",
       "      <td>0.992970</td>\n",
       "      <td>0.997224</td>\n",
       "      <td>0.990475</td>\n",
       "      <td>0.996872</td>\n",
       "      <td>0.995603</td>\n",
       "      <td>0.999070</td>\n",
       "      <td>0.994164</td>\n",
       "      <td>0.994603</td>\n",
       "      <td>0.999310</td>\n",
       "      <td>0.995033</td>\n",
       "      <td>0.996510</td>\n",
       "      <td>0.993673</td>\n",
       "      <td>0.983528</td>\n",
       "      <td>0.000000</td>\n",
       "      <td>0.993065</td>\n",
       "      <td>0.992392</td>\n",
       "      <td>0.993609</td>\n",
       "      <td>0.993120</td>\n",
       "    </tr>\n",
       "    <tr>\n",
       "      <th>Cow</th>\n",
       "      <td>0.997108</td>\n",
       "      <td>1.000579</td>\n",
       "      <td>0.991307</td>\n",
       "      <td>0.996157</td>\n",
       "      <td>0.991882</td>\n",
       "      <td>0.997815</td>\n",
       "      <td>1.002192</td>\n",
       "      <td>0.997799</td>\n",
       "      <td>0.993332</td>\n",
       "      <td>0.994473</td>\n",
       "      <td>0.996785</td>\n",
       "      <td>0.997221</td>\n",
       "      <td>0.996859</td>\n",
       "      <td>1.003496</td>\n",
       "      <td>0.993065</td>\n",
       "      <td>0.000000</td>\n",
       "      <td>1.000694</td>\n",
       "      <td>0.995959</td>\n",
       "      <td>1.000922</td>\n",
       "    </tr>\n",
       "    <tr>\n",
       "      <th>Gibbon</th>\n",
       "      <td>0.981410</td>\n",
       "      <td>0.995482</td>\n",
       "      <td>0.993671</td>\n",
       "      <td>0.995011</td>\n",
       "      <td>0.998510</td>\n",
       "      <td>0.993795</td>\n",
       "      <td>0.997231</td>\n",
       "      <td>0.982922</td>\n",
       "      <td>0.989246</td>\n",
       "      <td>0.995536</td>\n",
       "      <td>0.991034</td>\n",
       "      <td>0.995266</td>\n",
       "      <td>0.994547</td>\n",
       "      <td>0.995441</td>\n",
       "      <td>0.992392</td>\n",
       "      <td>1.000694</td>\n",
       "      <td>0.000000</td>\n",
       "      <td>0.993202</td>\n",
       "      <td>0.984970</td>\n",
       "    </tr>\n",
       "    <tr>\n",
       "      <th>Chicken</th>\n",
       "      <td>0.995069</td>\n",
       "      <td>0.994352</td>\n",
       "      <td>0.993824</td>\n",
       "      <td>0.991435</td>\n",
       "      <td>0.995197</td>\n",
       "      <td>0.994292</td>\n",
       "      <td>0.995865</td>\n",
       "      <td>0.993904</td>\n",
       "      <td>0.993637</td>\n",
       "      <td>0.994647</td>\n",
       "      <td>0.997161</td>\n",
       "      <td>0.992751</td>\n",
       "      <td>0.995159</td>\n",
       "      <td>0.996751</td>\n",
       "      <td>0.993609</td>\n",
       "      <td>0.995959</td>\n",
       "      <td>0.993202</td>\n",
       "      <td>0.000000</td>\n",
       "      <td>0.995530</td>\n",
       "    </tr>\n",
       "    <tr>\n",
       "      <th>Human</th>\n",
       "      <td>0.869599</td>\n",
       "      <td>0.996076</td>\n",
       "      <td>0.994613</td>\n",
       "      <td>0.999885</td>\n",
       "      <td>0.995298</td>\n",
       "      <td>0.991156</td>\n",
       "      <td>1.003430</td>\n",
       "      <td>0.877173</td>\n",
       "      <td>0.924613</td>\n",
       "      <td>0.994746</td>\n",
       "      <td>0.997723</td>\n",
       "      <td>1.003653</td>\n",
       "      <td>0.981605</td>\n",
       "      <td>0.992872</td>\n",
       "      <td>0.993120</td>\n",
       "      <td>1.000922</td>\n",
       "      <td>0.984970</td>\n",
       "      <td>0.995530</td>\n",
       "      <td>0.000000</td>\n",
       "    </tr>\n",
       "  </tbody>\n",
       "</table>\n",
       "</div>"
      ],
      "text/plain": [
       "                  Pygmy chimpanzee  Finback whale  Harbor seal  Blue whale   \n",
       "Pygmy chimpanzee          0.000000       0.989427     0.998172    0.996187  \\\n",
       "Finback whale             0.989427       0.000000     0.997704    0.818418   \n",
       "Harbor seal               0.998172       0.997704     0.000000    1.001831   \n",
       "Blue whale                0.996187       0.818418     1.001831    0.000000   \n",
       "Gray seal                 0.997023       0.994813     0.668786    0.989912   \n",
       "Opossum                   0.990460       0.996326     0.994067    0.999542   \n",
       "Horse                     0.995159       1.008003     0.998970    1.001728   \n",
       "Chimpanzee                0.681034       0.989994     0.994718    0.993617   \n",
       "Gorilla                   0.871585       0.989820     0.995732    0.995808   \n",
       "Cat                       0.995434       0.997138     0.994994    0.997709   \n",
       "Wallaroo                  0.992908       0.992991     0.996138    0.990544   \n",
       "White rhinoceros          1.000573       1.002869     1.003979    1.000691   \n",
       "Orangutan                 0.976207       0.994888     0.994700    0.996633   \n",
       "House mouse               0.996157       0.999067     0.995472    0.996016   \n",
       "Rat                       0.995697       0.992970     0.997224    0.990475   \n",
       "Cow                       0.997108       1.000579     0.991307    0.996157   \n",
       "Gibbon                    0.981410       0.995482     0.993671    0.995011   \n",
       "Chicken                   0.995069       0.994352     0.993824    0.991435   \n",
       "Human                     0.869599       0.996076     0.994613    0.999885   \n",
       "\n",
       "                  Gray seal   Opossum     Horse  Chimpanzee   Gorilla   \n",
       "Pygmy chimpanzee   0.997023  0.990460  0.995159    0.681034  0.871585  \\\n",
       "Finback whale      0.994813  0.996326  1.008003    0.989994  0.989820   \n",
       "Harbor seal        0.668786  0.994067  0.998970    0.994718  0.995732   \n",
       "Blue whale         0.989912  0.999542  1.001728    0.993617  0.995808   \n",
       "Gray seal          0.000000  0.998977  0.997821    1.000457  0.996885   \n",
       "Opossum            0.998977  0.000000  0.990786    0.987877  0.990739   \n",
       "Horse              0.997821  0.990786  0.000000    0.994336  0.995589   \n",
       "Chimpanzee         1.000457  0.987877  0.994336    0.000000  0.895073   \n",
       "Gorilla            0.996885  0.990739  0.995589    0.895073  0.000000   \n",
       "Cat                0.988653  0.998075  0.993696    0.998974  0.994128   \n",
       "Wallaroo           0.995562  0.987297  0.995655    0.990696  0.992158   \n",
       "White rhinoceros   0.999085  0.995535  0.987205    0.996082  0.996176   \n",
       "Orangutan          0.997123  0.991691  1.001612    0.980371  0.979536   \n",
       "House mouse        1.003919  0.996642  0.996030    0.997553  0.994357   \n",
       "Rat                0.996872  0.995603  0.999070    0.994164  0.994603   \n",
       "Cow                0.991882  0.997815  1.002192    0.997799  0.993332   \n",
       "Gibbon             0.998510  0.993795  0.997231    0.982922  0.989246   \n",
       "Chicken            0.995197  0.994292  0.995865    0.993904  0.993637   \n",
       "Human              0.995298  0.991156  1.003430    0.877173  0.924613   \n",
       "\n",
       "                       Cat  Wallaroo  White rhinoceros  Orangutan   \n",
       "Pygmy chimpanzee  0.995434  0.992908          1.000573   0.976207  \\\n",
       "Finback whale     0.997138  0.992991          1.002869   0.994888   \n",
       "Harbor seal       0.994994  0.996138          1.003979   0.994700   \n",
       "Blue whale        0.997709  0.990544          1.000691   0.996633   \n",
       "Gray seal         0.988653  0.995562          0.999085   0.997123   \n",
       "Opossum           0.998075  0.987297          0.995535   0.991691   \n",
       "Horse             0.993696  0.995655          0.987205   1.001612   \n",
       "Chimpanzee        0.998974  0.990696          0.996082   0.980371   \n",
       "Gorilla           0.994128  0.992158          0.996176   0.979536   \n",
       "Cat               0.000000  0.995127          0.995544   0.996447   \n",
       "Wallaroo          0.995127  0.000000          0.991167   0.994374   \n",
       "White rhinoceros  0.995544  0.991167          0.000000   0.999078   \n",
       "Orangutan         0.996447  0.994374          0.999078   0.000000   \n",
       "House mouse       0.995952  1.002183          0.997788   0.999416   \n",
       "Rat               0.999310  0.995033          0.996510   0.993673   \n",
       "Cow               0.994473  0.996785          0.997221   0.996859   \n",
       "Gibbon            0.995536  0.991034          0.995266   0.994547   \n",
       "Chicken           0.994647  0.997161          0.992751   0.995159   \n",
       "Human             0.994746  0.997723          1.003653   0.981605   \n",
       "\n",
       "                  House mouse       Rat       Cow    Gibbon   Chicken   \n",
       "Pygmy chimpanzee     0.996157  0.995697  0.997108  0.981410  0.995069  \\\n",
       "Finback whale        0.999067  0.992970  1.000579  0.995482  0.994352   \n",
       "Harbor seal          0.995472  0.997224  0.991307  0.993671  0.993824   \n",
       "Blue whale           0.996016  0.990475  0.996157  0.995011  0.991435   \n",
       "Gray seal            1.003919  0.996872  0.991882  0.998510  0.995197   \n",
       "Opossum              0.996642  0.995603  0.997815  0.993795  0.994292   \n",
       "Horse                0.996030  0.999070  1.002192  0.997231  0.995865   \n",
       "Chimpanzee           0.997553  0.994164  0.997799  0.982922  0.993904   \n",
       "Gorilla              0.994357  0.994603  0.993332  0.989246  0.993637   \n",
       "Cat                  0.995952  0.999310  0.994473  0.995536  0.994647   \n",
       "Wallaroo             1.002183  0.995033  0.996785  0.991034  0.997161   \n",
       "White rhinoceros     0.997788  0.996510  0.997221  0.995266  0.992751   \n",
       "Orangutan            0.999416  0.993673  0.996859  0.994547  0.995159   \n",
       "House mouse          0.000000  0.983528  1.003496  0.995441  0.996751   \n",
       "Rat                  0.983528  0.000000  0.993065  0.992392  0.993609   \n",
       "Cow                  1.003496  0.993065  0.000000  1.000694  0.995959   \n",
       "Gibbon               0.995441  0.992392  1.000694  0.000000  0.993202   \n",
       "Chicken              0.996751  0.993609  0.995959  0.993202  0.000000   \n",
       "Human                0.992872  0.993120  1.000922  0.984970  0.995530   \n",
       "\n",
       "                     Human  \n",
       "Pygmy chimpanzee  0.869599  \n",
       "Finback whale     0.996076  \n",
       "Harbor seal       0.994613  \n",
       "Blue whale        0.999885  \n",
       "Gray seal         0.995298  \n",
       "Opossum           0.991156  \n",
       "Horse             1.003430  \n",
       "Chimpanzee        0.877173  \n",
       "Gorilla           0.924613  \n",
       "Cat               0.994746  \n",
       "Wallaroo          0.997723  \n",
       "White rhinoceros  1.003653  \n",
       "Orangutan         0.981605  \n",
       "House mouse       0.992872  \n",
       "Rat               0.993120  \n",
       "Cow               1.000922  \n",
       "Gibbon            0.984970  \n",
       "Chicken           0.995530  \n",
       "Human             0.000000  "
      ]
     },
     "execution_count": 25,
     "metadata": {},
     "output_type": "execute_result"
    }
   ],
   "source": [
    "df = to_df(gencompress_distance_matrix, common_names)\n",
    "df"
   ]
  },
  {
   "cell_type": "code",
   "execution_count": 26,
   "id": "d8b7020b-2e8e-4f87-9628-e3f26fc0b1e7",
   "metadata": {},
   "outputs": [],
   "source": [
    "df.to_csv(f'{compressed_dir}/gencompress_distance-matrix.csv')"
   ]
  },
  {
   "cell_type": "markdown",
   "id": "6b3c34a0-f185-4d48-be22-b97a7c23c931",
   "metadata": {
    "tags": []
   },
   "source": [
    "## bzip3"
   ]
  },
  {
   "cell_type": "code",
   "execution_count": 30,
   "id": "f5b3cd08-18bc-49e5-a259-56706acd5bbf",
   "metadata": {},
   "outputs": [],
   "source": [
    "import os\n",
    "\n",
    "compressed_dir = './data/bzip3'\n",
    "\n",
    "if overwrite or not os.path.exists(compressed_dir):\n",
    "    !rm -Rf {compressed_dir}\n",
    "    !mkdir -p {compressed_dir}\n",
    "\n",
    "def bzip3(fasta, overwrite=overwrite):\n",
    "    compressed = f'{fasta}.bz3'\n",
    "    compressed_file = f'{compressed_dir}/{os.path.split(fasta)[-1]}.bz3'\n",
    "    if overwrite or not os.path.exists(compressed_file):\n",
    "        !bzip3 {fasta}\n",
    "        !mv {compressed} {compressed_dir}\n",
    "    return compressed_file"
   ]
  },
  {
   "cell_type": "code",
   "execution_count": 31,
   "id": "4836bfab-acf5-4dd9-b26d-2033b9218d48",
   "metadata": {
    "tags": []
   },
   "outputs": [],
   "source": [
    "bzip3_compressed_files = compress_files(bzip3)"
   ]
  },
  {
   "cell_type": "code",
   "execution_count": 33,
   "id": "cb28fc9b-783e-4217-8d1b-37f1c3dc9606",
   "metadata": {},
   "outputs": [],
   "source": [
    "bzip3_distance_matrix= create_distance_matrix(common_names, bzip3_compressed_files)"
   ]
  },
  {
   "cell_type": "code",
   "execution_count": 34,
   "id": "a806f10e-b0c6-4236-ac25-e43f3fd98e2d",
   "metadata": {},
   "outputs": [
    {
     "data": {
      "text/html": [
       "<div>\n",
       "<style scoped>\n",
       "    .dataframe tbody tr th:only-of-type {\n",
       "        vertical-align: middle;\n",
       "    }\n",
       "\n",
       "    .dataframe tbody tr th {\n",
       "        vertical-align: top;\n",
       "    }\n",
       "\n",
       "    .dataframe thead th {\n",
       "        text-align: right;\n",
       "    }\n",
       "</style>\n",
       "<table border=\"1\" class=\"dataframe\">\n",
       "  <thead>\n",
       "    <tr style=\"text-align: right;\">\n",
       "      <th></th>\n",
       "      <th>Pygmy chimpanzee</th>\n",
       "      <th>Finback whale</th>\n",
       "      <th>Harbor seal</th>\n",
       "      <th>Blue whale</th>\n",
       "      <th>Gray seal</th>\n",
       "      <th>Opossum</th>\n",
       "      <th>Horse</th>\n",
       "      <th>Chimpanzee</th>\n",
       "      <th>Gorilla</th>\n",
       "      <th>Cat</th>\n",
       "      <th>Wallaroo</th>\n",
       "      <th>White rhinoceros</th>\n",
       "      <th>Orangutan</th>\n",
       "      <th>House mouse</th>\n",
       "      <th>Rat</th>\n",
       "      <th>Cow</th>\n",
       "      <th>Gibbon</th>\n",
       "      <th>Chicken</th>\n",
       "      <th>Human</th>\n",
       "    </tr>\n",
       "  </thead>\n",
       "  <tbody>\n",
       "    <tr>\n",
       "      <th>Pygmy chimpanzee</th>\n",
       "      <td>0.000000</td>\n",
       "      <td>0.981426</td>\n",
       "      <td>0.982196</td>\n",
       "      <td>0.981998</td>\n",
       "      <td>0.982883</td>\n",
       "      <td>0.986832</td>\n",
       "      <td>0.981516</td>\n",
       "      <td>0.932654</td>\n",
       "      <td>0.960465</td>\n",
       "      <td>0.982981</td>\n",
       "      <td>0.983646</td>\n",
       "      <td>0.981967</td>\n",
       "      <td>0.974860</td>\n",
       "      <td>0.983296</td>\n",
       "      <td>0.982255</td>\n",
       "      <td>0.982560</td>\n",
       "      <td>0.975405</td>\n",
       "      <td>0.983556</td>\n",
       "      <td>0.962946</td>\n",
       "    </tr>\n",
       "    <tr>\n",
       "      <th>Finback whale</th>\n",
       "      <td>0.981426</td>\n",
       "      <td>0.000000</td>\n",
       "      <td>0.981740</td>\n",
       "      <td>0.945171</td>\n",
       "      <td>0.981843</td>\n",
       "      <td>0.985821</td>\n",
       "      <td>0.980342</td>\n",
       "      <td>0.982550</td>\n",
       "      <td>0.983063</td>\n",
       "      <td>0.981362</td>\n",
       "      <td>0.982147</td>\n",
       "      <td>0.980321</td>\n",
       "      <td>0.983677</td>\n",
       "      <td>0.981882</td>\n",
       "      <td>0.981912</td>\n",
       "      <td>0.980073</td>\n",
       "      <td>0.983366</td>\n",
       "      <td>0.984987</td>\n",
       "      <td>0.982827</td>\n",
       "    </tr>\n",
       "    <tr>\n",
       "      <th>Harbor seal</th>\n",
       "      <td>0.982196</td>\n",
       "      <td>0.981740</td>\n",
       "      <td>0.000000</td>\n",
       "      <td>0.981132</td>\n",
       "      <td>0.923738</td>\n",
       "      <td>0.986078</td>\n",
       "      <td>0.979246</td>\n",
       "      <td>0.982373</td>\n",
       "      <td>0.983351</td>\n",
       "      <td>0.976885</td>\n",
       "      <td>0.982440</td>\n",
       "      <td>0.980048</td>\n",
       "      <td>0.983137</td>\n",
       "      <td>0.982184</td>\n",
       "      <td>0.981977</td>\n",
       "      <td>0.980865</td>\n",
       "      <td>0.983884</td>\n",
       "      <td>0.985020</td>\n",
       "      <td>0.983232</td>\n",
       "    </tr>\n",
       "    <tr>\n",
       "      <th>Blue whale</th>\n",
       "      <td>0.981998</td>\n",
       "      <td>0.945171</td>\n",
       "      <td>0.981132</td>\n",
       "      <td>0.000000</td>\n",
       "      <td>0.982060</td>\n",
       "      <td>0.986041</td>\n",
       "      <td>0.979133</td>\n",
       "      <td>0.982295</td>\n",
       "      <td>0.982093</td>\n",
       "      <td>0.981577</td>\n",
       "      <td>0.981659</td>\n",
       "      <td>0.980420</td>\n",
       "      <td>0.982829</td>\n",
       "      <td>0.981383</td>\n",
       "      <td>0.981174</td>\n",
       "      <td>0.979812</td>\n",
       "      <td>0.982757</td>\n",
       "      <td>0.984736</td>\n",
       "      <td>0.982809</td>\n",
       "    </tr>\n",
       "    <tr>\n",
       "      <th>Gray seal</th>\n",
       "      <td>0.982883</td>\n",
       "      <td>0.981843</td>\n",
       "      <td>0.923738</td>\n",
       "      <td>0.982060</td>\n",
       "      <td>0.000000</td>\n",
       "      <td>0.987108</td>\n",
       "      <td>0.978522</td>\n",
       "      <td>0.982124</td>\n",
       "      <td>0.983572</td>\n",
       "      <td>0.977803</td>\n",
       "      <td>0.982426</td>\n",
       "      <td>0.980503</td>\n",
       "      <td>0.983593</td>\n",
       "      <td>0.982407</td>\n",
       "      <td>0.983027</td>\n",
       "      <td>0.980850</td>\n",
       "      <td>0.983637</td>\n",
       "      <td>0.985356</td>\n",
       "      <td>0.984036</td>\n",
       "    </tr>\n",
       "    <tr>\n",
       "      <th>Opossum</th>\n",
       "      <td>0.986832</td>\n",
       "      <td>0.985821</td>\n",
       "      <td>0.986078</td>\n",
       "      <td>0.986041</td>\n",
       "      <td>0.987108</td>\n",
       "      <td>0.000000</td>\n",
       "      <td>0.983674</td>\n",
       "      <td>0.987371</td>\n",
       "      <td>0.988130</td>\n",
       "      <td>0.986261</td>\n",
       "      <td>0.980201</td>\n",
       "      <td>0.984125</td>\n",
       "      <td>0.989192</td>\n",
       "      <td>0.980969</td>\n",
       "      <td>0.983488</td>\n",
       "      <td>0.984962</td>\n",
       "      <td>0.989684</td>\n",
       "      <td>0.991580</td>\n",
       "      <td>0.988443</td>\n",
       "    </tr>\n",
       "    <tr>\n",
       "      <th>Horse</th>\n",
       "      <td>0.981516</td>\n",
       "      <td>0.980342</td>\n",
       "      <td>0.979246</td>\n",
